4294967278,132
4294967278,131
4294967278,130
4294967278,129
4294967278,128
4294967278,127
4294967278,126
4294967278,125
4294967278,124
4294967278,123
4294967278,122
4294967278,121
4294967278,120
4294967278,119
4294967278,118
4294967278,117
4294967278,116
4294967278,115
4294967278,114
4294967278,113
4294967278,112
4294967278,111
4294967278,110
4294967278,109
4294967278,108
4294967278,107
4294967278,106
4294967278,105
4294967278,104
4294967278,103
4294967278,102
4294967278,101
4294967278,100
4294967278,99
4294967278,98
4294967278,97
4294967278,96
4294967278,95
4294967278,94
4294967278,93
4294967278,92
4294967278,91
4294967278,90
4294967278,89
4294967278,87
4294967278,86
4294967278,85
4294967278,84
4294967278,83
4294967278,82
4294967278,81
4294967278,80
4294967278,79
4294967278,78
4294967278,77
4294967278,76
4294967278,75
4294967278,72
4294967278,70
4294967278,69
4294967278,68
4294967278,67
4294967278,66
4294967278,65
4294967278,0
4294967279,82
4294967279,81
4294967279,79
4294967279,76
4294967279,70
4294967279,69
4294967279,65
4294967279,62
4294967279,60
4294967279,57
4294967279,44
4294967279,466
4294967279,41
4294967279,38
4294967279,37
4294967279,36
4294967279,35
4294967279,33
4294967279,25
4294967279,24
4294967279,23
4294967279,22
4294967279,420
4294967279,17
4294967279,13
4294967279,465
4294967279,11
4294967279,10
4294967279,9
4294967279,285
4294967279,8
4294967279,7
4294967279,261
4294967279,6
4294967279,275
4294967279,5
4294967279,281
4294967279,4
4294967279,191
9,4
9,5
7,4
7,5
4294967294,11
4294967278,74
4294967278,414
4294967278,73
4294967278,186
4294967278,413
4294967279,73
4294967278,185
4294967278,71
4294967278,184
4294967278,411
4294967279,185
4294967279,476
4294967278,183
4294967279,183
4294967278,181
4294967279,180
4294967279,182
16,5
4294967278,180
16,4
16,3
16,2
16,1
4294967278,179
4294967278,64
4294967294,89
4294967294,22
7,3
4294967279,426
4294967279,0
4294967279,63
4294967294,1090
4294967279,61
4294967279,173
4294967279,171
4294967279,168
15,6
15,5
15,4
4294967294,9
15,3
15,2
15,1
0,7
4294967294,127
4294967294,126
4294967294,68
4294967279,302
4294967294,5
4294967294,50
0,5
4294967294,17
4294967294,67
4294967294,99
4294967294,1369
4294967294,971
4294967279,475
4294967279,52
4294967279,436
4294967294,6
4294967294,94
4294967294,93
4294967294,96
4294967294,95
4294967279,164
4294967294,36
4294967294,42
4294967294,39
4294967294,44
4294967294,53
4294967294,434
4294967294,413
4294967294,2
4294967294,0
4294967294,1592
4294967294,29
4294967294,1589
4294967294,28
4294967294,1130
4294967294,27
4294967294,1145
4294967294,26
4294967294,25
4294967294,90
4294967294,86
4294967294,84
4294967294,1579
14,5
14,4
14,3
14,2
14,1
4294967278,515
4294967279,474
13,5
13,4
13,3
13,2
13,1
4294967279,473
4294967279,454
4294967278,514
11,4
11,2
11,1
4294967279,448
4294967294,1792
4294967293,131
4294967293,130
4294967293,129
4294967293,128
4294967293,127
4294967293,126
4294967293,125
4294967293,124
4294967293,123
4294967293,122
4294967293,121
4294967293,120
4294967293,119
4294967293,118
4294967293,117
4294967293,116
4294967293,115
4294967293,114
4294967293,113
4294967293,112
4294967293,111
4294967293,110
4294967293,109
4294967293,108
4294967293,107
4294967293,106
4294967293,105
4294967293,104
4294967293,103
4294967293,102
4294967293,101
4294967293,100
4294967293,99
4294967293,98
4294967293,97
4294967293,96
4294967293,95
4294967293,94
4294967293,93
4294967293,92
4294967293,91
4294967293,90
4294967293,89
4294967293,88
4294967293,87
4294967293,86
4294967293,85
4294967293,84
4294967293,83
4294967293,82
4294967293,81
4294967293,80
4294967293,79
4294967293,78
4294967293,77
4294967293,76
4294967293,75
4294967293,74
4294967293,73
4294967293,72
4294967293,71
4294967293,70
4294967293,69
4294967293,68
4294967293,67
4294967293,66
4294967293,65
4294967293,64
4294967293,63
4294967293,62
4294967293,61
4294967293,60
4294967293,59
4294967293,58
4294967293,57
4294967293,56
4294967293,55
4294967293,54
4294967293,53
4294967293,52
4294967293,51
4294967293,50
4294967293,49
4294967293,48
4294967293,47
4294967293,46
4294967293,45
4294967293,44
4294967293,43
4294967293,42
4294967293,41
4294967293,40
4294967293,39
4294967293,38
4294967293,37
4294967293,36
4294967293,35
4294967293,34
4294967293,33
4294967293,32
4294967293,31
4294967293,30
4294967293,29
4294967293,28
4294967293,27
4294967293,26
4294967293,25
4294967293,24
4294967293,23
4294967293,22
4294967293,21
4294967293,20
4294967293,19
4294967293,18
4294967293,17
4294967293,16
4294967293,15
4294967293,14
4294967293,13
4294967293,12
4294967293,11
4294967293,10
4294967293,9
4294967293,8
4294967293,7
4294967293,6
4294967293,5
4294967293,4
4294967293,3
4294967293,2
4243767290,0
4243767289,0
4243767288,0
4243767287,0
4243767286,0
4243767285,0
4243767284,0
4243767283,0
4243767282,0
4243767281,0
4294967293,0
4294967279,202
4294967279,203
4294967279,86
4294967279,87
4294967279,89
4294967279,90
4294967279,395
4294967279,396
4294967279,450
4294967279,451
4294967279,204
4294967279,205
4294967279,206
4294967279,207
4294967279,91
4294967279,92
4294967279,93
4294967279,452
4294967279,94
4294967279,418
4294967279,425
4294967279,208
4294967279,453
4294967279,209
4294967279,210
4294967279,211
4294967279,95
4294967279,96
4294967279,97
4294967279,98
4294967279,397
4294967279,398
4294967279,399
4294967279,280
4294967279,212
4294967279,213
4294967279,214
4294967279,215
